508003
508050
508063
508082
508209
508223
508249
508254
508318
508355
508358
508418
508462
508489
508518
508528
508552
508566
508569
508640
508651
508680
508722
508743
508748
508754
508756
508786
508888
508896
508984
509072
509165
509208
509234
509269
509274
509289
509311
509335
509389
509418
509430
509453
509494
509510
509522
509523
509525
509541
509561
509617
509618
509624
509673
509677
509686
509694
509765
509792
509832
509858
509864
509872
509897
509940
510019
510021
510097
510101
510166
510186
510188
510304
510340
510347
510357
510359
510390
510406
510415
510427
510504
510514
510524
510561
510616
510644
510670
510673
510748
510749
510765
510791
510812
510833
510854
510878
510879
510880
510882
510886
510890
510951
510967
510980
511026
511043
511048
511081
511104
511190
511202
511229
511249
511268
511271
511293
511321
511330
511346
511375
511388
511455
511525
511541
511543
511550
511707
511781
511794
511846
511930
511931
511984
512005
512062
512074
512097
512131
512152
512159
512164
512177
512181
512192
512261
512315
512335
512345
512356
512362
512378
512489
512507
512598
512626
512629
512639
512681
512752
512830
512868
512921
512936
512938
513047
513064
513099
513138
513183
513203
513253
513266
513273
513274
513279
513365
513379
513474
513488
513504
513506
513507
513552
513659
513682
513738
513745
513794
513852
513861
513867
513935
513962
514038
514148
514177
514280
514374
514382
514387
514477
514494
514574
514602
514628
514635
514672
514688
514721
514745
514767
514786
514789
514799
514808
514861
514870
514886
514894
514900
514911
514934
514949
514950
514963
514999
515007
515019
515054
515066
515084
515090
515111
515132
515143
515156
515157
515171
515176
515203
515206
515210
515245
515253
515261
515273
515291
515293
515306
515327
515335
515347
515376
515380
515397
515399
515425
515440
515460
515481
515558
515616
515618
515627
515638
515646
515656
515665
515666
515710
515713
515721
515730
515778
515794
515840
515842
515883
515926
515939
515971
515975
515983
516015
516016
516040
516073
516102
516108
516111
516140
516141
516162
516196
516309
516317
516340
516348
516355
516367
516389
516404
516408
516415
516426
516483
516536
516550
516555
516556
516567
516690
516740
516751
516764
516776
516781
516784
516795
516810
516812
516821
516824
516829
516838
516883
516902
516927
516929
516931
516932
516935
516936
516937
516940
516947
516991
517000
517023
517038
517045
517050
517069
517157
517175
517185
517195
517218
517239
517272
517311
517336
517362
517374
517403
517458
517462
517468
517485
517489
517526
517535
517552
517553
517559
517599
517620
517627
517680
517745
517779
517787
517808
517832
517860
517879
517897
517904
517905
517932
517944
517948
517976
517977
517992
518009
518021
518042
518047
518054
518123
518131
518160
518173
518178
518182
518216
518224
518226
518247
518388
518428
518450
518455
518475
518478
518501
518503
518505
518537
518558
518574
518590
518643
518645
518675
518698
518720
518768
518785
518788
518791
518802
518804
518805
518817
518838
518898
518913
518918
518936
518942
518968
518986
519007
519036
519037
519076
519092
519113
519173
519177
519205
519217
519236
519243
519250
519257
519269
519300
519324
519335
519338
519350
519355
519397
519450
519451
519455
519458
519460
519503
519510
519529
519554
519557
519566
519642
519650
519676
519686
519701
519726
519763
519768
519789
519793
519796
519816
519858
519869
519872
519882
519886
519894
519929
520083
520091
520112
520118
520126
520141
520161
520169
520173
520194
520195
520219
520269
520271
520274
520300
520307
520314
520330
520344
520346
520378
520382
520399
520413
520415
520428
520435
520455
520513
520516
520536
520548
520590
520591
520624
520681
520685
520743
520762
520776
520788
520799
520837
520857
520861
520870
520889
520901
520946
520970
520991
521020
521022
521024
521031
521040
521070
521082
521084
521085
521086
521094
521095
521117
521120
521139
521140
521172
521180
521193
521198
521240
521246
521250
521258
521272
521288
521316
521327
521330
521346
521354
521386
521438
521444
521477
521482
521499
521518
521536
521581
521600
521651
521661
521669
521682
521774
521776
521785
521802
521860
521876
521962
521978
522014
522021
522053
522069
522075
522079
522123
522165
522189
522202
522225
522243
522263
522296
522301
522328
522346
522388
522391
522431
522439
522444
522445
522484
522538
522557
522561
522575
522593
522604
522630
522632
522641
522653
522658
522664
522691
522693
522750
522753
522761
522798
522839
522855
522862
522929
522933
522938
522996
523002
523006
523009
523017
523020
523024
523044
523079
523100
523101
523105
523114
523127
523134
523135
523151
523162
523166
523173
523247
523256
523310
523325
523331
523333
523338
523358
523366
523394
523419
523423
523429
523438
523459
523463
523474
523493
523521
523526
523542
523551
523564
523580
523615
523618
523625
523636
523649
523677
523698
523724
523742
523791
523852
523855
523858
523887
523927
523931
523932
523941
523950
523996
524022
524031
524044
524050
524062
524125
524132
524155
524158
524173
524179
524182
524207
524212
524217
524236
524274
524303
524357
524371
524378
524383
524446
524473
524536
524570
524591
524660
524684
524710
524725
524731
524742
524750
524759
524771
524786
524832
524833
524838
524861
524871
524898
524908
524923
524934
524940
524941
524944
524985
524990
524997
525001
525016
525027
525029
525041
525065
525095
525097
525105
525181
525188
525231
525245
525266
525286
525302
525305
525309
525319
525354
525387
525392
525401
525408
525417
525421
525435
525469
525504
525560
525566
525575
525589
525600
525651
525657
525673
525674
525708
525721
525732
525824
525841
525858
525881
525888
525941
525947
525963
525972
525976
526003
526018
526032
526047
526054
526058
526100
526105
526122
526130
526138
526165
526168
526236
526270
526283
526291
526302
526320
526369
526371
526372
526378
526385
526396
526407
526417
526454
526455
526494
526522
526525
526551
526552
526555
526568
526579
526629
526640
526641
526647
526665
526667
526682
526695
526705
526737
526749
526753
526767
526781
526790
526816
526868
526941
527015
527021
527048
527054
527055
527113
527120
527180
527203
527207
527245
527249
527263
527283
527284
527300
527322
527342
527358
527371
527373
527436
527440
527449
527488
527489
527518
527555
527575
527622
527630
527634
527641
527642
527673
527690
527698
527704
527718
527725
527733
527743
527753
527776
527797
527798
527823
527834
527835
527860
527884
527903
527905
528023
528028
528032
528053
528069
528088
528091
528112
528129
528132
528147
528163
528176
528192
528197
528207
528251
528252
528279
528297
528326
528375
528396
528398
528399
528427
528456
528467
528500
528507
528508
528566
528584
528586
528594
528606
528612
528627
528632
528669
528691
528716
528721
528731
528741
528815
528820
528835
528841
528848
528862
528874
528906
528939
528953
528983
529019
529028
529046
529061
529070
529101
529139
529140
529200
529207
529216
529219
529229
529236
529261
529294
529315
529324
529333
529340
529343
529361
529367
529382
529394
529398
529411
529412
529413
529419
529448
529458
529479
529487
529536
529539
529545
529556
529585
529587
529590
529594
529613
529614
529626
529633
529640
529642
529678
529682
529700
529721
529728
529732
529828
529843
529847
529853
529867
529880
529963
529969
529975
529981
529995
530014
530016
530018
530020
530024
530043
530044
530046
530061
530062
530074
530134
530150
530186
530193
530196
530200
530224
530289
530298
530337
530365
530368
530374
530416
530427
530445
530470
530472
530513
530540
530553
530555
530585
530592
530600
530615
530621
530622
530645
530647
530660
530667
530705
530717
530769
530790
530803
530805
530822
530838
530863
530891
530951
530955
530995
531002
531003
531018
531048
531061
531065
531076
531079
531081
531104
531174
531217
531220
531227
531268
531276
531287
531323
531338
531357
531360
531361
531426
531512
531537
531573
531580
531595
531611
531628
531630
531641
531654
531681
531685
531698
531711
531746
531778
531783
531789
531797
531798
531810
531840
531850
531869
531891
531892
531957
531958
531964
531979
531981
532009
532013
532056
532063
532090
532117
532144
532150
532161
532169
532172
532176
532197
532230
532244
532280
532281
532293
532328
532351
532380
532403
532440
532445
532473
532486
532516
532612
532619
532671
532695
532702
532705
532718
532725
532729
532804
532864
532872
532876
532882
532898
532916
532978
533001
533006
533032
533064
533082
533103
533118
533125
533143
533151
533164
533200
533228
533237
533267
533268
533285
533301
533318
533319
533320
533342
533358
533387
533418
533444
533546
533596
533616
533617
533640
533647
533658
533747
533753
533761
533803
533819
533845
533846
533849
533914
533950
533974
533999
534051
534086
534090
534095
534096
534109
534119
534172
534208
534218
534301
534307
534341
534346
534363
534374
534384
534404
534405
534406
534407
534427
534435
534441
534482
534491
534509
534537
534569
534572
534573
534611
534630
534691
534738
534748
534767
534790
534823
534826
534836
534839
534852
534871
534872
534888
534894
534895
534901
534924
534958
535029
535043
535051
535071
535107
535110
535120
535126
535152
535196
535224
535248
535257
535264
535293
535308
535333
535352
535370
535384
535388
535431
535492
535521
535536
535537
535549
535564
535565
535568
535602
535608
535626
535664
535704
535723
535753
535754
535755
535796
535799
535808
535824
535867
535880
535892
535904
535943
535971
535976
536011
536024
536028
536032
536038
536046
536054
536078
536098
536118
536145
536175
536200
536226
536227
536257
536325
536358
536392
536410
536417
536418
536476
536502
536514
536516
536524
536533
536541
536551
536557
536558
536567
536571
536574
536657
536679
536693
536712
536764
536769
536772
536802
536803
536840
536873
536880
536887
536904
536932
536939
536940
536954
536970
536980
537014
537068
537078
537079
537086
537088
537110
537135
537158
537189
537234
537250
537266
537337
537354
537356
537363
537379
537427
537431
537494
537514
537537
537538
537540
537560
537569
537591
537596
537606
537627
537638
537642
537647
537652
537653
537678
537680
537713
537728
537754
537769
537832
537833
537848
537859
537872
537873
537894
537922
537962
537968
538041
538115
538154
538157
538178
538183
538229
538232
538237
538252
538264
538274
538282
538310
538320
538328
538363
538403
538430
538432
538455
538511
538512
538516
538526
538571
538590
538666
538678
538701
538721
538732
538738
538760
538761
538779
538793
538826
538846
538852
538858
538863
538871
538877
538945
538950
538955
538974
538977
539007
539009
539016
539038
539059
539076
539100
539104
539148
539185
539215
539237
539240
539248
539254
539270
539294
539303
539311
539328
539358
539374
539389
539394
539399
539409
539420
539483
539501
539513
539572
539633
539665
539671
539702
539714
539761
539767
539768
539787
539816
539826
539876
539882
539917
539918
539935
539939
539965
539978
539984
539990
540001
540009
540026
540035
540046
540069
540075
540160
540196
540197
540211
540232
540235
540238
540243
540258
540295
540301
540321
540337
540346
540348
540352
540415
540429
540450
540540
540549
540578
540596
540614
540617
540629
540647
540650
540669
540706
540737
540748
540778
540811
540837
540845
540850
540884
540892
540940
540941
540942
540961
540962
540976
540989
540994
540996
541035
541043
541056
541090
541105
541110
541125
541148
541150
541176
541186
541197
541206
541208
541213
541223
541232
541246
541250
541271
541273
541298
541303
541326
541338
541352
541368
541407
541410
541475
541492
541499
541505
541530
541533
541537
541543
541556
541560
541571
541602
541614
541620
541634
541658
541686
541718
541724
541743
541746
541793
541794
541828
541867
541882
541931
541936
541948
541950
541979
541983
542028
542037
542064
542084
542135
542145
542149
542159
542161
542164
542198
542205
542251
542313
542317
542341
542342
542354
542361
542415
542426
542440
542460
542514
542522
542533
542554
542572
542582
542596
542610
542624
542726
542749
542753
542762
542774
542784
542788
542804
542814
542830
542835
542854
542863
542865
542921
542950
542959
542980
542983
543038
543039
543147
543148
543157
543238
543252
543269
543276
543279
543312
543313
543316
543319
543330
543346
543353
543354
543366
543372
543387
543406
543457
543467
543489
543490
543494
543541
543575
543582
543620
543634
543657
543687
543689
543704
543727
543769
543797
543798
543830
543854
543877
543881
543882
543886
543891
543903
543921
544017
544033
544034
544035
544067
544085
544091
544126
544131
544164
544183
544205
544207
544212
544236
544244
544248
544279
544316
544328
544336
544355
544384
544388
544390
544463
544466
544467
544486
544488
544506
544524
544542
544550
544589
544629
544635
544672
544694
544718
544720
544754
544780
544794
544832
544887
544889
544897
544903
544909
544916
544933
544939
544979
545036
545092
545097
545121
545127
545189
545225
545229
545249
545274
545288
545298
545310
545313
545316
545324
545331
545333
545349
545397
545424
545459
545460
545466
545471
545508
545561
545638
545660
545711
545713
545718
545756
545770
545781
545793
545803
545811
545815
545874
545913
545926
545932
545957
545967
545983
545986
546062
546066
546069
546115
546138
546170
546176
546184
546190
546214
546217
546228
546231
546232
546288
546294
546296
546311
546335
546343
546344
546347
546353
546361
546377
546383
546411
546437
546488
546495
546503
546533
546539
546543
546563
546569
546571
546609
546653
546668
546675
546708
546709
546721
546751
546754
546771
546782
546787
546798
546802
546810
546814
546821
546860
546884
546903
546911
546925
546968
546984
547016
547035
547112
547125
547129
547182
547189
547204
547263
547270
547288
547295
547313
547319
547323
547324
547330
547351
547393
547403
547404
547410
547448
547483
547511
547519
547532
547558
547560
547566
547579
547584
547598
547625
547633
547648
547651
547673
547693
547701
547727
547773
547782
547784
547796
547807
547849
547864
547890
547903
547907
547947
548003
548023
548041
548056
548072
548111
548126
548141
548150
548158
548160
548182
548184
548227
548236
548243
548250
548277
548282
548287
548309
548311
548337
548364
548371
548374
548435
548457
548512
548543
548546
548578
548580
548600
548619
548627
548636
548640
548661
548662
548667
548675
548683
548690
548778
548824
548876
548950
548995
549026
549027
549038
549049
549088
549096
549115
549127
549143
549157
549165
549182
549188
549251
549298
549325
549344
549348
549383
549404
549420
549442
549459
549463
549464
549487
549499
549505
549512
549531
549552
549568
549571
549593
549617
549620
549626
549639
549668
549669
549671
549672
549680
549704
549709
549711
549730
549761
549781
549795
549810
549812
549846
549859
549863
549870
549901
549913
549934
549936
549960
549999
550012
550029
550053
550070
550100
550121
550122
550126
550160
550199
550205
550223
550280
550306
550307
550329
550359
550381
550404
550432
550480
550486
550515
550516
550525
550534
550540
550546
550557
550558
550596
550609
550645
550651
550674
550684
550697
550730
550739
550774
550800
550909
550935
550936
550996
551009
551012
551028
551042
551052
551072
551101
551135
551161
551162
551177
551199
551210
551226
551243
551247
551250
551267
551281
551282
551283
551292
551323
551361
551373
551381
551390
551411
551458
551494
551548
551565
551568
551575
551580
551640
551681
551686
551728
551736
551782
551811
551816
551871
551915
551954
551971
552015
552025
552026
552037
552050
552056
552087
552090
552099
552103
552118
552131
552135
552206
552237
552247
552259
552272
552323
552346
552357
552365
552384
552400
552420
552441
552471
552502
552504
552513
552539
552559
552595
552596
552619
552620
552627
552660
552666
552674
552758
552815
552828
552829
552887
552888
552899
552907
552935
552968
553002
553007
553026
553061
553065
553066
553128
553174
553185
553190
553192
553230
553288
553307
553355
553395
553408
553418
553421
553424
553430
553439
553480
553513
553551
553592
553611
553631
553633
553660
553665
553695
553697
553699
553718
553732
553744
553767
553774
553775
553777
553820
553835
553890
553896
553900
553915
553927
553931
553945
553985
554002
554028
554031
554040
554054
554093
554095
554120
554133
554153
554158
554180
554234
554256
554257
554280
554285
554298
554309
554323
554342
554348
554395
554397
554419
554450
554455
554458
554483
554497
554542
554569
554592
554600
554602
554621
554650
554656
554658
554664
554671
554681
554693
554701
554708
554725
554730
554783
554785
554813
554834
554838
554909
554918
554965
554976
554992
555050
555057
555089
555095
555152
555230
555232
555264
555271
555287
555294
555327
555350
555366
555375
555381
555437
555507
555523
555526
555537
555555
555592
555597
555601
555631
555679
555702
555782
555798
555801
555806
555827
555832
555840
555861
555872
555877
555918
555932
555937
556018
556035
556045
556065
556070
556072
556111
556137
556172
556183
556214
556225
556236
556241
556251
556255
556269
556289
556312
556321
556343
556371
556377
556404
556428
556447
556448
556471
556472
556474
556476
556482
556488
556507
556531
556544
556545
556553
556556
556567
556570
556602
556609
556614
556621
556645
556680
556687
556691
556706
556739
556745
556789
556806
556815
556823
556828
556839
556847
556857
556879
556887
556908
556928
556929
556930
556931
556932
556986
556993
557028
557031
557066
557076
557088
557102
557104
557126
557143
557148
557163
557164
557168
557226
557239
557240
557246
557251
557256
557266
557302
557358
557396
557403
557426
557441
557468
557470
557480
557491
557496
557527
557530
557541
557556
557594
557615
557629
557634
557641
557650
557665
557666
557677
557693
557696
557697
557741
557749
557750
557765
557794
557796
557803
557814
557837
557845
557846
557849
557851
557890
557899
557930
557959
558010
558014
558045
558065
558080
558086
558123
558138
558172
558178
558188
558194
558195
558201
558238
558259
558261
558272
558296
558318
558319
558321
558367
558376
558451
558455
558459
558466
558475
558492
558503
558527
558546
558555
558563
558576
558601
558629
558635
558643
558694
558695
558725
558729
558736
558737
558753
558759
558761
558795
558817
558825
558856
558860
558885
558890
558892
558896
558900
558902
558920
559011
559015
559039
559053
559055
559063
559069
559103
559129
559149
559242
559248
559258
559309
559330
559340
559386
559410
559445
559458
559472
559536
559545
559595
559639
559644
559645
559666
559671
559686
559698
559700
559804
559805
559830
559910
559927
559931
559933
559939
559953
559975
559994
560006
560057
560076
560078
560128
560158
560162
560204
560209
560222
560241
560246
560278
560296
560329
560338
560373
560395
560454
560470
560486
560499
560518
560543
560555
560565
560580
560626
560692
560703
560765
560767
560769
560779
560800
560841
560852
560866
560868
560918
560946
560974
560976
560977
560982
560985
560994
560996
561018
561057
561070
561077
561089
561109
561143
561186
561196
561222
561293
561299
561303
561328
561336
561387
561395
561436
561438
561456
561471
561477
561499
561503
561504
561507
561549
561554
561586
561601
561609
561621
561643
561644
561692
561732
561748
561778
561784
561794
561801
561802
561813
561819
561829
561848
561852
561883
561890
561921
561928
561968
561972
562005
562012
562014
562031
562033
562066
562073
562096
562117
562134
562138
562153
562172
562197
562202
562208
562219
562238
562247
562263
562283
562294
562300
562335
562340
562345
562348
562361
562392
562398
562408
562420
562471
562483
562484
562491
562512
562516
562534
562554
562577
562592
562628
562651
562660
562661
562670
562679
562685
562696
562733
562767
562774
562775
562807
562824
562836
562887
562908
562910
562912
562928
562948
562977
563000
563029
563041
563043
563062
563063
563084
563097
563166
563168
563181
563247
563251
563285
563317
563325
563328
563352
563375
563442
563456
563475
563522
563532
563541
563569
563572
563579
563583
563587
563627
563648
563657
563670
563684
563687
563730
563740
563763
563784
563801
563804
563829
563852
563859
563871
563873
563924
563939
563955
563964
563990
563992
563998
564019
564056
564108
564109
564121
564154
564157
564179
564180
564237
564266
564274
564310
564317
564320
564329
564334
564372
564376
564379
564416
564431
564462
564490
564571
564596
564619
564625
564686
564707
564711
564717
564760
564791
564792
564805
564832
564879
564882
564912
564945
564949
564951
564972
564977
565018
565030
565048
565049
565069
565080
565108
565120
565126
565173
565175
565180
565191
565224
565225
565228
565274
565286
565297
565337
565346
565369
565400
565404
565406
565418
565427
565443
565451
565507
565539
565541
565547
565565
565594
565599
565635
565647
565657
565702
565710
565726
565758
565767
565773
565785
565805
565832
565872
565873
565878
565881
565886
565887
565889
565938
565984
565996
565998
565999
566022
566031
566073
566111
566113
566161
566171
566192
566200
566210
566230
566239
566254
566272
566294
566295
566316
566337
566344
566354
566405
566431
566440
566443
566445
566472
566497
566501
566532
566545
566564
566594
566650
566692
566693
566701
566704
566735
566743
566748
566750
566794
566808
566816
566820
566825
566836
566844
566851
566857
566874
566878
566883
566887
566899
566948
566978
566982
567002
567015
567026
567039
567061
567072
567084
567108
567118
567157
567163
567176
567179
567184
567194
567205
567210
567247
567263
567268
567284
567311
567336
567337
567358
567389
567413
567429
567485
567486
567499
567500
567539
567580
567598
567606
567616
567618
567623
567624
567625
567636
567666
567722
567732
567775
567780
567788
567803
567835
567849
567854
567915
567917
567920
567945
567953
567973
567976
567990
567996
567997
568019
568031
568041
568054
568058
568071
568099
568135
568147
568157
568200
568204
568217
568226
568232
568249
568276
568292
568302
568303
568312
568339
568366
568377
568390
568399
568423
568458
568514
568544
568564
568567
568578
568586
568591
568595
568596
568615
568651
568675
568748
568753
568789
568795
568805
568819
568829
568833
568855
568860
568866
568894
568912
568963
568985
569001
569034
569056
569065
569082
569084
569091
569094
569099
569109
569150
569158
569175
569185
569186
569205
569208
569221
569236
569309
569315
569317
569318
569333
569367
569378
569383
569418
569431
569471
569473
569476
569483
569490
569502
569503
569519
569523
569529
569549
569557
569564
569586
569615
569620
569622
569631
569639
569662
569673
569732
569743
569765
569798
569799
569815
569837
569840
569845
569858
569868
569887
569899
569952
570003
570024
570026
570062
570067
570068
570081
570089
570116
570118
570125
570138
570167
570172
570215
570225
570248
570267
570275
570287
570288
570294
570298
570299
570308
570318
570319
570345
570397
570413
570419
570425
570428
570450
570456
570458
570527
570534
570536
570549
570554
570575
570577
570589
570607
570631
570642
570651
570681
570697
570705
570713
570721
570733
570736
570751
570753
570754
570758
570769
570787
570805
570825
570851
570855
570879
570914
570920
570938
570948
570967
570974
570994
571027
571038
571060
571062
571114
571159
571201
571209
571214
571219
571233
571246
571270
571311
571332
571335
571341
571353
571361
571370
571381
571390
571408
571419
571438
571446
571475
571477
571497
